9.635000000000000000e+02 3.742699999999999818e+02
8.930000000000000000e+02 4.085000000000000000e+02
1.057250000000000000e+03 4.143100000000000023e+02
1.183250000000000000e+03 4.484200000000000159e+02
1.419500000000000000e+03 5.178799999999999955e+02
1.547750000000000000e+03 6.376000000000000227e+02
1.580000000000000000e+03 6.357200000000000273e+02
1.071500000000000000e+03 4.468600000000000136e+02
1.078250000000000000e+03 4.895899999999999750e+02
1.122500000000000000e+03 5.005600000000000023e+02
1.304750000000000000e+03 4.841800000000000068e+02
1.552250000000000000e+03 6.180700000000000500e+02
1.040000000000000000e+03 4.533899999999999864e+02
1.045250000000000000e+03 4.408600000000000136e+02
1.102250000000000000e+03 4.877900000000000205e+02
1.225250000000000000e+03 5.376699999999999591e+02
1.508000000000000000e+03 6.122100000000000364e+02
1.564250000000000000e+03 6.014600000000000364e+02
1.634750000000000000e+03 5.851000000000000227e+02
1.159250000000000000e+03 5.245599999999999454e+02
1.202750000000000000e+03 5.351699999999999591e+02
1.294250000000000000e+03 4.860299999999999727e+02
1.467500000000000000e+03 5.401699999999999591e+02
1.583750000000000000e+03 5.838500000000000227e+02
1.124750000000000000e+03 4.991499999999999773e+02
